1105.46 -0.000407646
1113.87 -0.000466379
1122.28 -0.000514497
1130.69 -0.000552037
6.10359 -0.000579022
14.5144 -0.000595471
22.9245 -0.0006014
31.3336 -0.000596818
39.7413 -0.000581719
48.1471 -0.000556066
56.5507 -0.000519768
64.9518 -0.000472658
73.3501 -0.000414465
81.7456 -0.000344767
90.138 -0.000262955
98.5274 -0.000168168
106.914 -5.92245e-05
115.297 6.54665e-05
123.678 0.000208022
132.056 0.000371226
140.432 0.000558707
148.806 0.000775165
157.177 0.00102665
165.546 0.00132093
173.912 0.00286469
182.268 0.0045078
190.602 0.00632616
198.884 0.00838376
207.064 0.0107484
215.053 0.0134911
222.748 0.0166825
231.656 0.0203848
241.833 0.0246308
252.419 0.0291398
262.568 0.0250825
271.769 0.0211569
279.66 0.0176485
287.354 0.0145484
295.349 0.0118172
303.502 0.00940158
311.724 0.00724325
319.962 0.00633181
328.185 0.00558927
336.311 0.00498896
344.324 0.00450975
352.367 0.00413356
360.441 0.00384494
368.548 0.00363069
376.688 0.00347947
384.859 0.00338158
393.059 0.00332863
401.285 0.00331337
409.534 0.00332952
417.801 0.00337158
426.083 0.00343474
434.376 0.00351476
442.678 0.00360789
450.984 0.0037108
459.292 0.00382052
467.599 0.00393439
475.905 0.00405003
484.206 0.0041653
492.503 0.0042783
500.795 0.0043873
509.081 0.00449077
517.361 0.00458735
525.636 0.00467582
533.906 0.00475511
542.172 0.00482429
550.435 0.00488254
558.696 0.00492918
566.956 0.00496361
575.216 0.00498536
583.479 0.00499407
591.744 0.00498947
600.014 0.00497141
608.29 0.00493983
616.573 0.00489482
624.865 0.00483658
633.167 0.00476546
641.479 0.00468195
649.803 0.00458671
658.14 0.00448061
666.489 0.00436468
674.851 0.00424018
683.226 0.00410863
691.613 0.00397178
700.011 0.00383166
708.418 0.00369063
716.831 0.00355135
725.248 0.00341687
733.665 0.00329068
742.078 0.0031767
750.481 0.0030794
758.871 0.00300387
767.241 0.00295593
775.585 0.0029422
783.899 0.00297033
792.177 0.00304912
800.415 0.00318878
808.611 0.00340116
816.762 0.00370013
824.869 0.00410193
832.936 0.00462565
841.147 0.00529376
849.415 0.00613267
857.712 0.0071736
866.013 0.00864707
874.274 0.0104076
882.43 0.0125091
890.372 0.015012
898.031 0.0179796
906.77 0.0214723
916.77 0.0255328
927.309 0.030038
937.644 0.025021
947.173 0.0203728
955.328 0.0163537
963.168 0.0129162
971.284 0.00998023
979.551 0.00745407
987.891 0.0052452
996.265 0.00326436
1004.65 0.00142667
1013.04 0.00113308
1021.44 0.000885284
1029.83 0.000672781
1038.23 0.000487942
1046.63 0.00032525
1055.03 0.000180777
1063.43 5.17882e-05
1071.83 -6.3582e-05
1080.24 -0.000166567
1088.65 -0.000257953
1097.05 -0.000338221
